11MB:

without: 62.726460954
itemsize: 9.13956467
hashes: 10.491050504999999
hashes-without-same: 4.921165602

111MB:
without: 
itemsize: 71.380808761
hashes: 64.621597971
hashes-without-same: 25.465806582
