11MB:

without: 59.134660908
itemsize: 9.13956467
hashes: 10.491050504999999
hashes-without-same: 4.921165602
hashes-without-same-movedet: 5.089297192

111MB:
without: 
itemsize: 71.380808761
hashes: 64.621597971
hashes-without-same: 24.478860407
hashes-without-same-movedet: 27.070828072

1111MB:
without:
itemsize:
hashes: 
hashes-without-same: 256.846055011
hashes-without-same-movedet: 260.16919365599998

